1,3.096263,0.429759,-0.108497,4.308098,8.819671,1.025234,995.999207,walking ,WALKING,ENTER,55.931228,-3.143720,07:52:28
2,2.739871,0.125258,-0.336848,4.400846,8.712662,1.019661,996.038452,walking ,WALKING,ENTER,55.931259,-3.143503,07:52:38
3,2.722853,0.097190,0.170635,3.818531,8.277393,1.046377,996.048279,walking ,WALKING,ENTER,55.931327,-3.143321,07:52:48
4,3.074399,0.272425,2.221821,1.739408,5.877046,1.102259,996.142822,walking ,WALKING,ENTER,55.931454,-3.143186,07:52:58
5,3.008048,0.265770,2.514964,1.267004,5.597824,1.083206,996.166809,walking ,WALKING,ENTER,55.931488,-3.142947,07:53:08
6,3.250623,0.236701,3.346497,-0.070938,3.937414,1.176535,996.225037,walking ,WALKING,ENTER,55.931731,-3.142959,07:53:18
7,3.423686,0.168897,3.963119,-0.995185,2.711195,1.212934,996.239075,walking ,WALKING,ENTER,55.931871,-3.143051,07:53:28
8,3.284630,0.337210,4.436836,-1.719962,1.857443,1.204781,996.305725,walking ,WALKING,ENTER,55.931997,-3.142922,07:53:38
9,3.311905,0.038712,4.776708,-2.278404,1.166732,1.192979,996.385803,walking ,WALKING,ENTER,55.932096,-3.142830,07:53:48
10,3.340213,0.087196,5.043902,-2.794586,0.663751,1.217339,996.471497,walking ,WALKING,ENTER,55.932249,-3.142712,07:53:58
11,3.489876,0.695718,4.810781,-2.612085,1.008264,1.086397,996.504272,walking ,WALKING,ENTER,55.932292,-3.142499,07:54:08
12,2.803646,0.070267,4.570236,-2.395431,1.478293,1.057923,996.475525,walking ,WALKING,ENTER,55.932282,-3.142291,07:54:18
13,0.219965,0.042580,4.146392,-1.853072,2.247535,1.007943,996.380310,still,WALKING,ENTER,55.932359,-3.142165,07:54:38
14,0.036458,0.000239,3.862448,-1.456565,2.696059,1.011284,996.438843,still,WALKING,ENTER,55.932365,-3.142168,07:54:48
15,0.318732,0.019203,3.597145,-1.113058,3.088257,1.007959,996.382996,still,WALKING,ENTER,55.932370,-3.142146,07:54:58
16,0.049885,0.000263,3.346940,-0.791581,3.422597,1.009088,996.387085,still,WALKING,ENTER,55.932364,-3.142155,07:55:08
17,0.906934,0.164629,3.089543,-0.538217,3.726084,1.009051,996.418823,still,WALKING,ENTER,55.932381,-3.142147,07:55:18
18,0.050038,0.065535,2.919175,-0.311534,4.009520,1.006837,996.439514,still,WALKING,ENTER,55.932375,-3.142160,07:55:28
19,0.589062,0.553853,2.772336,-0.084104,4.252758,1.008030,996.398499,still,WALKING,ENTER,55.932368,-3.142151,07:55:38
20,0.497974,0.575281,2.635220,0.095913,4.484592,1.014948,996.398254,still,WALKING,ENTER,55.932379,-3.142125,07:55:48
21,0.033648,0.015859,2.491828,0.234689,4.703150,1.014014,996.462708,still,WALKING,ENTER,55.932388,-3.142117,07:55:58
22,0.558154,0.152944,2.341061,0.308187,4.888369,1.038827,996.330872,bus,WALKING,ENTER,55.932387,-3.142119,07:56:08
23,1.389554,0.024903,2.328203,0.276021,4.987501,1.095062,996.218933,bus,WALKING,ENTER,55.932354,-3.142171,07:56:18
24,0.174672,0.147608,2.214423,0.474742,5.111779,1.014511,996.219849,bus,WALKING,ENTER,55.932348,-3.142150,07:56:29
25,0.176840,0.028142,2.103291,0.656470,5.236385,1.009019,996.114624,bus,WALKING,ENTER,55.932343,-3.142156,07:56:38
26,16.845806,2.006741,1.977589,0.845814,5.394787,1.012046,995.924683,bus,WALKING,ENTER,55.931953,-3.144747,07:56:58
27,9.675706,1.254716,1.919761,0.919740,5.474954,1.013149,996.067688,bus,WALKING,ENTER,55.931814,-3.145590,07:57:08
28,8.156247,3.172989,1.836479,1.056002,5.581944,1.006739,996.197449,bus,WALKING,ENTER,55.931790,-3.145778,07:57:18
29,8.600866,8.397274,1.754921,1.198764,5.673000,1.008589,995.927795,bus,WALKING,ENTER,55.931824,-3.146128,07:57:28
30,16.479614,2.807343,1.705315,1.264889,5.735338,1.005541,995.911072,bus,WALKING,ENTER,55.931812,-3.147451,07:57:38
31,19.494528,0.495237,1.665658,1.318980,5.783187,1.011572,996.326660,bus,WALKING,ENTER,55.931852,-3.148838,07:57:48
32,14.452713,4.710633,1.619699,1.377751,5.824440,1.007556,996.587891,bus,WALKING,ENTER,55.932084,-3.149999,07:57:58
33,15.166174,2.637875,1.584979,1.433303,5.866604,1.007926,996.532959,bus,WALKING,ENTER,55.932275,-3.150884,07:58:08
34,17.861303,0.472155,1.549024,1.478955,5.911819,1.009905,996.468262,bus,WALKING,ENTER,55.932529,-3.152076,07:58:18
35,18.154530,0.313485,1.477288,1.581789,5.988811,1.007817,996.405151,bus,WALKING,ENTER,55.932411,-3.154256,07:58:38
36,13.867682,4.836215,1.439824,1.631980,6.024843,1.011432,996.648499,bus,VEHICLE,ENTER,55.931978,-3.155153,07:58:48
37,1.040782,0.425538,1.382903,1.727669,6.092335,1.014519,996.795105,bus,VEHICLE,ENTER,55.931918,-3.155259,07:58:58
38,11.468059,0.368617,1.330953,1.792434,6.144333,1.012881,996.727661,bus,VEHICLE,ENTER,55.932194,-3.155793,07:59:08
39,12.567119,0.080261,1.303251,1.828986,6.180317,1.012399,996.729858,bus,VEHICLE,ENTER,55.932520,-3.156543,07:59:18
40,7.208097,3.623576,1.264005,1.889470,6.253284,1.008356,996.851196,bus,VEHICLE,ENTER,55.932664,-3.157194,07:59:28
41,0.135766,0.003059,1.228455,1.970401,6.312133,1.006162,996.924316,bus,VEHICLE,ENTER,55.932673,-3.157235,07:59:38
42,0.084447,0.000981,1.178526,2.033257,6.374325,1.008703,996.908386,bus,VEHICLE,ENTER,55.932675,-3.157219,07:59:48
43,0.181450,0.154658,1.141927,2.077456,6.440945,1.005203,996.899353,bus,VEHICLE,ENTER,55.932694,-3.157237,07:59:58
44,0.216024,0.002716,1.117381,2.132570,6.498966,1.006253,996.907898,bus,VEHICLE,ENTER,55.932691,-3.157249,08:00:08
45,0.063591,0.016819,1.110515,2.164483,6.560092,1.006589,996.920776,bus,VEHICLE,ENTER,55.932695,-3.157260,08:00:18
46,0.101269,0.061600,1.106254,2.133277,6.634639,1.004856,996.972046,bus,VEHICLE,ENTER,55.932704,-3.157259,08:00:28
47,0.035766,0.037884,1.102531,2.104186,6.705663,1.005085,996.932739,bus,VEHICLE,ENTER,55.932702,-3.157259,08:00:38
48,0.015694,0.004737,1.027470,2.107596,6.753044,1.014581,996.899841,bus,VEHICLE,ENTER,55.932702,-3.157257,08:00:48
49,0.429849,0.136454,0.993164,2.178921,6.783673,1.006724,996.898987,bus,VEHICLE,ENTER,55.932680,-3.157221,08:00:58
50,0.140042,0.105611,0.961601,2.239867,6.817973,1.006027,996.914368,bus,VEHICLE,ENTER,55.932689,-3.157227,08:01:08
51,0.047281,0.030397,0.931556,2.289582,6.856802,1.005541,996.982117,bus,VEHICLE,ENTER,55.932681,-3.157258,08:01:18
52,0.534840,0.282438,0.908568,2.341603,6.891946,1.006007,996.970642,bus,VEHICLE,ENTER,55.932701,-3.157217,08:01:28
53,0.178968,0.063097,0.894782,2.395267,6.923550,1.005983,996.927185,bus,VEHICLE,ENTER,55.932707,-3.157255,08:01:38
54,0.055774,0.015807,0.884539,2.451847,6.950715,1.006634,996.933350,bus,VEHICLE,ENTER,55.932719,-3.157253,08:01:48
55,2.027026,2.645352,0.869857,2.500836,6.980172,1.006440,996.912659,bus,VEHICLE,ENTER,55.932781,-3.157440,08:01:58
56,0.614063,0.268510,0.855396,2.549041,7.008097,1.006237,996.946228,bus,VEHICLE,ENTER,55.932774,-3.157455,08:02:08
57,0.195499,0.245906,0.841605,2.596401,7.034288,1.005509,996.967407,bus,VEHICLE,ENTER,55.932761,-3.157411,08:02:18
58,0.078124,0.047245,0.824531,2.644165,7.058050,1.009237,996.944519,bus,VEHICLE,ENTER,55.932762,-3.157424,08:02:28
59,0.386124,0.384582,0.820119,2.688434,7.081951,1.005653,996.953369,bus,VEHICLE,ENTER,55.932794,-3.157578,08:02:38
60,0.375916,0.415109,0.816800,2.735666,7.101828,1.006929,996.975159,bus,VEHICLE,ENTER,55.932787,-3.157573,08:02:49
61,9.669981,2.681788,0.785432,2.775339,7.123796,1.010221,996.774475,bus,VEHICLE,ENTER,55.932916,-3.157999,08:02:58
62,10.442069,1.578113,0.750288,2.798650,7.150270,1.010502,996.933533,bus,VEHICLE,ENTER,55.933063,-3.158703,08:03:08
63,0.483811,0.026637,0.732713,2.839169,7.169862,1.006482,996.973999,bus,VEHICLE,ENTER,55.933038,-3.158584,08:03:18
64,0.474017,0.562703,0.715921,2.871468,7.192835,1.010346,996.912659,bus,VEHICLE,ENTER,55.933030,-3.158596,08:03:28
65,6.482017,0.660684,0.703474,2.905966,7.214088,1.009449,996.908142,bus,VEHICLE,ENTER,55.933115,-3.158849,08:03:38
66,5.710807,1.747192,0.690317,2.942230,7.232604,1.008824,996.797180,bus,VEHICLE,ENTER,55.933217,-3.159198,08:03:48
67,3.308967,2.660515,0.679993,2.976108,7.251212,1.006666,996.801575,bus,VEHICLE,ENTER,55.933239,-3.159341,08:03:58
68,1.119274,0.275292,0.677613,3.009469,7.268749,1.005663,996.870911,bus,VEHICLE,ENTER,55.933247,-3.159338,08:04:08
69,0.128990,0.005825,0.665528,3.044384,7.283889,1.006937,996.869934,bus,VEHICLE,ENTER,55.933249,-3.159330,08:04:18
70,1.514224,1.389905,0.653621,3.072086,7.302598,1.006846,996.862427,bus,VEHICLE,ENTER,55.933268,-3.159420,08:04:28
71,0.529566,0.635696,0.642898,3.101501,7.318841,1.008852,996.833984,bus,VEHICLE,ENTER,55.933280,-3.159467,08:04:39
72,0.107964,0.105457,0.638621,3.137613,7.330230,1.005604,996.816284,bus,VEHICLE,ENTER,55.933265,-3.159449,08:04:48
73,0.116222,0.131023,0.641265,3.170534,7.342203,1.005642,996.826538,bus,VEHICLE,ENTER,55.933263,-3.159447,08:04:59
74,0.237792,0.010798,0.634082,3.179791,7.366687,1.006154,996.815918,bus,VEHICLE,ENTER,55.933268,-3.159451,08:05:09
75,0.101582,0.094247,0.628012,3.192589,7.388616,1.005637,996.843445,bus,VEHICLE,ENTER,55.933268,-3.159453,08:05:19
76,0.021665,0.001586,0.621084,3.208179,7.408737,1.005924,996.853516,bus,VEHICLE,ENTER,55.933267,-3.159453,08:05:29
77,0.026006,0.018903,0.620558,3.227677,7.425218,1.006820,996.870544,bus,VEHICLE,ENTER,55.933267,-3.159455,08:05:39
78,0.327226,0.336313,0.669327,3.221861,7.394198,1.016215,996.860535,bus,VEHICLE,ENTER,55.933263,-3.159440,08:05:49
79,1.209733,0.950637,0.785464,3.202036,7.275380,1.001612,996.860168,bus,VEHICLE,ENTER,55.933320,-3.159441,08:05:59
80,0.789815,0.151228,0.784078,3.169468,7.065660,1.004735,996.887085,bus,VEHICLE,ENTER,55.933300,-3.159427,08:06:09
81,7.121279,0.145012,0.786409,3.135706,6.866257,1.008953,996.735291,bus,VEHICLE,ENTER,55.933355,-3.159758,08:06:19
82,4.920746,0.001809,0.780424,3.146799,6.882397,1.007070,996.667114,bus,VEHICLE,ENTER,55.933433,-3.160118,08:06:29
83,2.579315,0.018519,0.770118,3.156047,6.909500,1.006115,996.617371,bus,VEHICLE,ENTER,55.933455,-3.160326,08:06:39
84,1.198622,0.422905,0.760656,3.163749,6.936647,1.005888,996.631775,bus,VEHICLE,ENTER,55.933456,-3.160323,08:06:49
85,0.035651,0.005914,0.750262,3.169760,6.963713,1.005834,996.585571,bus,VEHICLE,ENTER,55.933457,-3.160323,08:06:59
86,0.041051,0.001427,0.736426,3.185603,6.985375,1.005975,996.610107,bus,VEHICLE,ENTER,55.933457,-3.160325,08:07:09
87,0.115107,0.097260,0.722843,3.203344,7.005326,1.006214,996.618408,bus,VEHICLE,ENTER,55.933452,-3.160327,08:07:19
88,0.016426,0.020121,0.708517,3.213653,7.028368,1.006153,996.597595,bus,VEHICLE,ENTER,55.933453,-3.160328,08:07:29
89,0.029582,0.000660,0.712625,3.229539,7.038474,1.008198,996.572998,bus,VEHICLE,ENTER,55.933454,-3.160327,08:07:39
90,0.345035,0.397111,0.801423,3.235049,6.992202,1.004293,996.626892,bus,VEHICLE,ENTER,55.933469,-3.160314,08:07:49
91,0.076901,0.029670,0.889734,3.241317,6.946577,1.003387,996.642090,bus,VEHICLE,ENTER,55.933468,-3.160309,08:07:59
92,0.087270,0.101864,0.976919,3.246186,6.901310,1.003345,996.645264,bus,VEHICLE,ENTER,55.933466,-3.160305,08:08:09
93,0.064618,0.029347,1.062366,3.250423,6.856921,1.003416,996.604126,bus,VEHICLE,ENTER,55.933465,-3.160301,08:08:19
94,0.021564,0.001817,1.146084,3.254285,6.813402,1.003404,996.582642,bus,VEHICLE,ENTER,55.933465,-3.160299,08:08:29
95,0.022849,0.015392,1.228367,3.257369,6.770740,1.003376,996.588379,bus,VEHICLE,ENTER,55.933465,-3.160298,08:08:39
96,3.412332,4.814899,1.252977,3.266271,6.759451,1.011591,996.555054,bus,VEHICLE,ENTER,55.933479,-3.160371,08:08:49
97,7.616404,1.408955,1.225071,3.275639,6.781243,1.006934,996.372986,bus,VEHICLE,ENTER,55.933515,-3.160930,08:08:59
98,4.130351,1.894392,1.203188,3.282670,6.804404,1.006242,996.275391,bus,VEHICLE,ENTER,55.933538,-3.161276,08:09:09
99,1.910570,0.854708,1.182451,3.289972,6.826913,1.005425,996.282104,bus,VEHICLE,ENTER,55.933539,-3.161310,08:09:19
100,0.175321,0.225932,1.154319,3.303443,6.844911,1.006640,996.267151,bus,VEHICLE,ENTER,55.933539,-3.161306,08:09:29
101,0.213051,0.268020,1.131617,3.316980,6.863191,1.005859,996.287964,bus,VEHICLE,ENTER,55.933540,-3.161312,08:09:39
102,0.091976,0.090137,1.105721,3.339668,6.873770,1.006617,996.268921,bus,VEHICLE,ENTER,55.933537,-3.161310,08:09:49
103,0.113510,0.061469,1.074150,3.365187,6.880378,1.005311,996.269470,bus,VEHICLE,ENTER,55.933557,-3.161338,08:09:59
104,3.510893,1.648265,1.049932,3.378598,6.896928,1.009407,996.185486,bus,VEHICLE,ENTER,55.933566,-3.161487,08:10:09
105,5.035115,0.974706,1.024396,3.387854,6.914945,1.008743,996.058044,bus,VEHICLE,ENTER,55.933566,-3.161854,08:10:19
106,3.391602,3.505977,1.004284,3.392073,6.935282,1.006430,995.914063,bus,VEHICLE,ENTER,55.933570,-3.162274,08:10:29
107,0.138662,0.103964,0.987020,3.400849,6.952817,1.007188,995.884827,bus,VEHICLE,ENTER,55.933575,-3.162276,08:10:39
108,4.248055,1.935073,0.962228,3.419824,6.963587,1.009505,995.839050,bus,VEHICLE,ENTER,55.933577,-3.162317,08:10:49
109,3.771510,0.267260,0.936082,3.431903,6.977580,1.006546,995.835205,bus,VEHICLE,ENTER,55.933577,-3.162510,08:10:59
110,1.463644,0.614645,0.921272,3.445275,6.992317,1.006504,995.799683,bus,VEHICLE,ENTER,55.933586,-3.162526,08:11:09
111,0.124363,0.108887,0.912225,3.462768,7.004427,1.009739,995.770996,bus,VEHICLE,ENTER,55.933572,-3.162554,08:11:19
112,5.783253,0.044981,0.894477,3.473633,7.019255,1.008516,995.629761,bus,VEHICLE,ENTER,55.933569,-3.162925,08:11:29
113,3.287943,0.638321,0.873669,3.478768,7.036312,1.008308,995.528748,bus,VEHICLE,ENTER,55.933590,-3.163148,08:11:39
114,3.577028,2.371072,0.858922,3.481051,7.052359,1.006519,995.429932,bus,VEHICLE,ENTER,55.933589,-3.163449,08:11:49
115,0.234875,0.026556,0.938240,3.450917,6.979040,1.004200,995.407349,bus,VEHICLE,ENTER,55.933589,-3.163447,08:11:59
116,0.079179,0.034463,1.016140,3.420279,6.905560,1.002955,995.400330,bus,VEHICLE,ENTER,55.933589,-3.163445,08:12:09
117,0.038008,0.016025,1.092563,3.390029,6.833120,1.003089,995.413208,bus,VEHICLE,ENTER,55.933591,-3.163444,08:12:19
118,0.020562,0.000256,1.167933,3.360578,6.763519,1.002943,995.411743,bus,VEHICLE,ENTER,55.933591,-3.163444,08:12:29
119,0.021820,0.015323,1.242000,3.333538,6.695233,1.002957,995.413452,bus,VEHICLE,ENTER,55.933591,-3.163443,08:12:39
120,0.033801,0.029251,1.314753,3.307604,6.626999,1.002946,995.419739,bus,VEHICLE,ENTER,55.933592,-3.163441,08:12:49
121,0.045143,0.011161,1.385764,3.282787,6.557980,1.002715,995.406067,bus,VEHICLE,ENTER,55.933594,-3.163439,08:12:59
122,0.097642,0.020070,1.455712,3.259673,6.490037,1.005505,995.414673,bus,VEHICLE,ENTER,55.933601,-3.163436,08:13:09
123,4.418174,1.344017,1.524416,3.234551,6.423488,1.002703,995.267639,bus,VEHICLE,ENTER,55.933566,-3.163727,08:13:19
124,2.093397,1.943940,1.592189,3.206611,6.358718,1.003107,995.253662,bus,VEHICLE,ENTER,55.933546,-3.163971,08:13:29
125,0.462255,0.071377,1.658918,3.180225,6.295697,1.003072,995.246826,bus,VEHICLE,ENTER,55.933549,-3.163952,08:13:39
126,0.162234,0.083088,1.724680,3.155761,6.233746,1.003015,995.231201,bus,VEHICLE,ENTER,55.933548,-3.163953,08:13:49
127,0.497872,0.454540,1.748816,3.150440,6.216533,1.005904,995.245239,bus,VEHICLE,ENTER,55.933544,-3.163965,08:13:59
128,0.121450,0.043603,1.730377,3.163880,6.234674,1.004927,995.252441,bus,VEHICLE,ENTER,55.933562,-3.164021,08:14:09
129,0.194406,0.113973,1.714833,3.175961,6.254016,1.005649,995.184143,bus,VEHICLE,ENTER,55.933562,-3.164046,08:14:19
130,0.178640,0.055729,1.700070,3.187063,6.273535,1.006178,995.188354,bus,VEHICLE,ENTER,55.933557,-3.164038,08:14:29
131,1.005664,1.196704,1.728525,3.187225,6.264250,1.007691,995.224854,bus,VEHICLE,ENTER,55.933542,-3.164029,08:14:39
132,0.276086,0.146523,1.788198,3.169921,6.237199,1.004322,995.242371,bus,VEHICLE,ENTER,55.933538,-3.163986,08:14:49
133,3.539010,4.927748,1.809866,3.175512,6.213719,1.009557,995.192749,bus,VEHICLE,ENTER,55.933526,-3.164154,08:14:59
134,4.253501,5.120929,1.869186,3.167568,6.173292,1.006133,995.357666,bus,VEHICLE,ENTER,55.933439,-3.164586,08:15:09
135,0.470190,0.228990,1.927488,3.159730,6.133323,1.002994,995.381104,bus,VEHICLE,ENTER,55.933441,-3.164576,08:15:19
136,0.206353,0.131050,1.984985,3.151527,6.093874,1.003083,995.417480,bus,VEHICLE,ENTER,55.933440,-3.164577,08:15:29
137,0.022675,0.028073,2.041866,3.143137,6.054844,1.003167,995.389587,bus,VEHICLE,ENTER,55.933441,-3.164573,08:15:39
138,0.006250,0.005440,2.097916,3.134520,6.016464,1.003188,995.371155,bus,VEHICLE,ENTER,55.933441,-3.164573,08:15:49
139,0.005399,0.000367,2.153117,3.125462,5.978842,1.002940,995.378784,bus,VEHICLE,ENTER,55.933440,-3.164573,08:15:59
140,0.002528,0.003279,2.207727,3.115221,5.942322,1.003160,995.392029,bus,VEHICLE,ENTER,55.933440,-3.164573,08:16:09
141,0.009682,0.009869,2.261276,3.106718,5.906347,1.004471,995.392212,bus,VEHICLE,ENTER,55.933441,-3.164572,08:16:19
142,6.553260,1.451626,2.315036,3.092984,5.870883,1.006325,995.477173,bus,VEHICLE,ENTER,55.933360,-3.164930,08:16:29
143,2.005237,2.798370,2.367363,3.081414,5.835733,1.003257,995.458984,bus,VEHICLE,ENTER,55.933345,-3.164953,08:16:39
144,0.002583,0.000275,2.419720,3.069542,5.800565,1.003206,995.492371,bus,VEHICLE,ENTER,55.933345,-3.164953,08:16:49
145,0.007752,0.003154,2.470925,3.057695,5.766178,1.003407,995.511108,bus,VEHICLE,ENTER,55.933345,-3.164953,08:16:59
146,0.332087,0.447142,2.480369,3.055490,5.765069,1.006882,995.526184,bus,VEHICLE,ENTER,55.933347,-3.164949,08:17:09
147,0.764064,0.293802,2.457462,3.057641,5.789077,1.005465,995.498108,bus,VEHICLE,ENTER,55.933329,-3.164998,08:17:19
148,0.054781,0.011232,2.436675,3.062894,5.811449,1.005688,995.476929,bus,VEHICLE,ENTER,55.933329,-3.165001,08:17:29
149,0.054654,0.029845,2.416851,3.074652,5.830621,1.005791,995.504700,bus,VEHICLE,ENTER,55.933328,-3.165005,08:17:39
150,2.378469,3.303880,2.397119,3.088118,5.848364,1.009711,995.529480,bus,VEHICLE,ENTER,55.933319,-3.165020,08:17:49
151,11.815285,1.826871,2.383363,3.095229,5.864470,1.014537,995.558533,bus,VEHICLE,ENTER,55.933062,-3.165715,08:17:59
152,9.968849,2.147850,2.369147,3.102561,5.877641,1.007994,995.575012,bus,VEHICLE,ENTER,55.933324,-3.166318,08:18:09
153,4.142109,0.397695,2.344621,3.110806,5.896664,1.007534,995.502380,bus,VEHICLE,ENTER,55.933447,-3.166523,08:18:19
154,1.433084,0.890236,2.321953,3.123066,5.913658,1.005952,995.502991,bus,VEHICLE,ENTER,55.933439,-3.166534,08:18:29
155,0.220678,0.122294,2.300739,3.135533,5.930398,1.006881,995.535461,bus,VEHICLE,ENTER,55.933439,-3.166539,08:18:39
156,3.980495,1.364381,2.280800,3.147318,5.947054,1.012409,995.459473,bus,VEHICLE,ENTER,55.933519,-3.166648,08:18:49
157,14.045667,2.834419,2.262570,3.156779,5.959860,1.012822,995.084412,bus,VEHICLE,ENTER,55.933875,-3.167136,08:18:59
158,12.490121,1.615867,2.251490,3.162111,5.968185,1.006800,994.840088,bus,VEHICLE,ENTER,55.934396,-3.167843,08:19:09
159,9.883749,1.969344,2.239266,3.167674,5.979743,1.008366,994.697205,bus,VEHICLE,ENTER,55.934754,-3.168341,08:19:19
160,7.831888,1.832429,2.219335,3.174700,5.997946,1.011802,994.440918,bus,VEHICLE,ENTER,55.934969,-3.168707,08:19:29
161,3.327425,4.297523,2.200092,3.178873,6.017328,1.006711,994.330078,bus,VEHICLE,ENTER,55.935111,-3.168977,08:19:39
162,2.445412,3.152113,2.181335,3.185409,6.035529,1.010908,994.332336,bus,VEHICLE,ENTER,55.935149,-3.169028,08:19:49
163,0.417806,0.559193,2.161329,3.197957,6.049514,1.010665,994.295654,bus,VEHICLE,ENTER,55.935190,-3.169099,08:20:01
164,0.893783,0.329228,2.162329,3.201518,6.048776,1.008539,994.294189,bus,VEHICLE,ENTER,55.935274,-3.169129,08:20:09
165,3.578830,3.719607,2.210009,3.182649,6.004969,1.011681,994.163147,bus,VEHICLE,ENTER,55.935292,-3.169174,08:20:19
166,16.954933,0.952844,2.238115,3.170217,5.979171,1.013306,993.800415,bus,VEHICLE,ENTER,55.935858,-3.169714,08:20:29
167,8.219294,9.901498,2.268391,3.154542,5.951448,1.005810,993.650757,bus,VEHICLE,ENTER,55.936291,-3.170290,08:20:39
168,0.145172,0.015337,2.314570,3.133934,5.908607,1.003030,993.615051,bus,VEHICLE,ENTER,55.936288,-3.170276,08:20:49
169,3.254021,4.475227,2.360362,3.117787,5.866022,1.009532,993.566406,bus,VEHICLE,ENTER,55.936334,-3.170346,08:20:59
170,18.750420,1.778264,2.387346,3.107172,5.842002,1.006097,993.156433,bus,VEHICLE,ENTER,55.936903,-3.170962,08:21:09
171,19.305014,1.544741,2.383270,3.105887,5.845512,1.012254,992.746399,bus,VEHICLE,ENTER,55.937579,-3.171862,08:21:19
172,8.587780,7.195278,2.371529,3.107269,5.858576,1.008753,992.677185,bus,VEHICLE,ENTER,55.937945,-3.172510,08:21:29
173,2.606636,1.058632,2.358014,3.119346,5.869660,1.007461,992.687134,bus,VEHICLE,ENTER,55.937924,-3.172524,08:21:39
174,3.358433,3.673847,2.400699,3.112327,5.828492,1.006514,992.688904,bus,VEHICLE,ENTER,55.937957,-3.172620,08:21:49
175,4.545946,1.763139,2.444589,3.096153,5.789382,1.003710,992.665466,bus,VEHICLE,ENTER,55.937981,-3.172697,08:21:59
176,9.098651,6.960760,2.488261,3.080720,5.754471,1.010149,992.487183,bus,VEHICLE,ENTER,55.938144,-3.172944,08:22:09
177,16.318727,0.464621,2.513828,3.069660,5.732650,1.004425,992.172424,bus,VEHICLE,ENTER,55.938519,-3.173826,08:22:19
178,16.615498,0.265435,2.535190,3.059705,5.713678,1.005841,991.988525,bus,VEHICLE,ENTER,55.938964,-3.174785,08:22:29
179,9.169024,7.761263,2.562947,3.043855,5.691031,1.008068,992.027344,bus,VEHICLE,ENTER,55.939432,-3.175292,08:22:39
180,2.750083,0.005861,2.605128,3.023177,5.657598,1.005949,992.073975,bus,VEHICLE,ENTER,55.939525,-3.175391,08:22:49
181,1.968113,1.004159,2.646960,3.004519,5.624965,1.005946,992.026550,bus,VEHICLE,ENTER,55.939551,-3.175401,08:22:59
182,12.526088,2.284156,2.681727,2.988001,5.597247,1.007814,991.919617,bus,VEHICLE,ENTER,55.939875,-3.175782,08:23:09
183,3.453275,4.548127,2.681215,2.982223,5.600248,1.009225,992.078857,bus,VEHICLE,ENTER,55.940098,-3.176118,08:23:19
184,0.116613,0.000043,2.661848,2.987237,5.619811,1.005948,992.084351,bus,VEHICLE,ENTER,55.940099,-3.176134,08:23:29
185,0.513869,0.664391,2.642680,2.994352,5.638168,1.008253,992.095764,bus,VEHICLE,ENTER,55.940093,-3.176184,08:23:39
186,9.234306,5.621736,2.625298,2.997972,5.654271,1.004756,992.109131,bus,VEHICLE,ENTER,55.940524,-3.176632,08:23:49
187,14.798521,1.325130,2.613706,2.998674,5.664141,1.008208,992.376099,bus,VEHICLE,ENTER,55.940984,-3.177389,08:23:59
188,16.904423,0.604298,2.603197,2.998448,5.674408,1.010744,992.683838,bus,VEHICLE,ENTER,55.941493,-3.178264,08:24:09
189,4.777983,0.340857,2.581056,3.005309,5.688277,1.011175,993.017090,bus,VEHICLE,ENTER,55.941676,-3.178626,08:24:19
190,2.463886,0.263498,2.561260,3.017904,5.702086,1.007146,993.037720,bus,VEHICLE,ENTER,55.941675,-3.178619,08:24:29
191,15.808788,3.061849,2.545850,3.025953,5.715556,1.010188,993.026001,bus,VEHICLE,ENTER,55.942130,-3.179075,08:24:39
192,19.200764,0.837352,2.534453,3.029855,5.723625,1.016350,993.184143,bus,VEHICLE,ENTER,55.942867,-3.179518,08:24:49
193,3.259156,3.341867,2.523004,3.037835,5.733026,1.009133,993.438843,bus,VEHICLE,ENTER,55.943133,-3.179730,08:24:59
194,4.771551,6.208675,2.505171,3.052932,5.745160,1.011932,993.403992,bus,VEHICLE,ENTER,55.943211,-3.179783,08:25:09
195,19.219864,1.551175,2.495489,3.059347,5.753690,1.007624,993.316956,bus,VEHICLE,ENTER,55.943819,-3.180522,08:25:19
196,17.944059,0.383559,2.493234,3.062658,5.755208,1.014220,993.181885,bus,VEHICLE,ENTER,55.944475,-3.181208,08:25:29
197,19.172081,0.052413,2.512709,3.054691,5.736250,1.004312,992.939087,bus,VEHICLE,ENTER,55.945184,-3.181646,08:25:39
198,14.019345,4.396742,2.532071,3.043788,5.724064,1.012135,993.080444,bus,VEHICLE,ENTER,55.945840,-3.181565,08:25:49
199,13.539620,6.164406,2.561153,3.030771,5.705025,1.010466,992.977051,bus,VEHICLE,ENTER,55.945935,-3.182285,08:25:59
200,9.056931,5.750930,2.586384,3.016351,5.687074,1.009080,992.863892,bus,VEHICLE,ENTER,55.945753,-3.182971,08:26:09
201,0.303202,0.079471,2.624733,2.998591,5.658886,1.005144,992.885376,bus,VEHICLE,ENTER,55.945672,-3.183047,08:26:19
202,10.417537,5.936854,2.662680,2.981181,5.632840,1.009921,992.648376,bus,VEHICLE,ENTER,55.945541,-3.183323,08:26:29
203,9.389609,7.495331,2.655933,2.979418,5.645377,1.012439,992.757080,bus,VEHICLE,ENTER,55.945121,-3.183882,08:26:39
204,2.969266,0.020998,2.641259,2.996537,5.655672,1.005383,992.723877,bus,VEHICLE,ENTER,55.945177,-3.184035,08:26:49
205,0.201902,0.030766,2.642637,3.013081,5.655107,1.006576,992.729736,bus,VEHICLE,ENTER,55.945320,-3.183959,08:26:59
206,0.592697,0.584960,2.658206,3.023704,5.648749,1.005658,992.780457,bus,VEHICLE,ENTER,55.945302,-3.183939,08:27:09
207,0.885108,0.708548,2.688156,3.033339,5.624207,1.001525,992.681946,bus,VEHICLE,ENTER,55.945326,-3.183945,08:27:19
208,0.090735,0.041958,2.717884,3.042843,5.599822,1.001542,992.748047,bus,VEHICLE,ENTER,55.945325,-3.183945,08:27:29
209,0.012309,0.003948,2.747382,3.052093,5.575735,1.001404,992.757080,bus,VEHICLE,ENTER,55.945325,-3.183944,08:27:39
210,0.022035,0.001969,2.776329,3.061770,5.551844,1.002257,992.739868,bus,VEHICLE,ENTER,55.945325,-3.183942,08:27:49
211,4.158462,3.474674,2.797577,3.068989,5.537083,1.009272,992.712158,bus,VEHICLE,ENTER,55.945196,-3.184109,08:27:59
212,15.071820,1.141503,2.777912,3.078290,5.547472,1.015956,992.635376,bus,VEHICLE,ENTER,55.945427,-3.184552,08:28:09
213,6.232056,7.899561,2.760647,3.083664,5.556305,1.008634,992.654358,bus,VEHICLE,ENTER,55.945778,-3.184929,08:28:19
214,0.424402,0.284050,2.761479,3.083469,5.559435,1.007912,992.631042,bus,VEHICLE,ENTER,55.945768,-3.184907,08:28:29
215,0.802175,0.762478,2.796561,3.069129,5.536610,1.011037,992.638733,bus,VEHICLE,ENTER,55.945786,-3.185001,08:28:39
216,1.492401,0.236512,2.822348,3.041699,5.499974,1.036958,992.669373,bus,VEHICLE,ENTER,55.945769,-3.184995,08:28:49
217,0.633472,0.010970,2.850664,3.006078,5.464624,1.007536,992.669678,bus,VEHICLE,ENTER,55.945730,-3.185046,08:28:59
218,4.447314,3.691506,2.879054,2.979303,5.432006,1.031961,992.443909,bus,VEHICLE,ENTER,55.945815,-3.185126,08:29:09
219,18.345116,0.606714,2.898948,2.963731,5.418558,1.009438,992.421326,bus,VEHICLE,ENTER,55.946712,-3.185711,08:29:19
220,18.508015,1.681638,2.913699,2.953339,5.399454,1.030324,992.749695,bus,VEHICLE,ENTER,55.947392,-3.186247,08:29:29
221,18.954964,1.437089,2.912604,2.949264,5.397372,1.048401,993.238098,bus,VEHICLE,ENTER,55.948187,-3.186649,08:29:39
222,15.222496,3.137287,2.902371,2.950045,5.406548,1.011001,993.479980,bus,VEHICLE,ENTER,55.948843,-3.187010,08:29:49
223,1.619747,0.697098,2.884888,2.949046,5.422372,1.027491,993.510803,walking ,VEHICLE,ENTER,55.948871,-3.187037,08:29:59
224,2.528465,0.174937,2.870627,2.949079,5.440424,1.026047,993.553345,walking,WALKING,ENTER,55.948751,-3.186946,08:30:09
225,2.488030,0.024074,2.863009,2.947788,5.459246,1.028947,993.542236,walking,WALKING,ENTER,55.948727,-3.186798,08:30:19
226,2.751981,0.061810,2.856467,2.946381,5.477515,1.023011,993.556641,walking,WALKING,ENTER,55.948850,-3.186766,08:30:29
227,0.844351,0.947656,2.842429,2.949394,5.494310,1.009548,993.526978,walking,WALKING,ENTER,55.948905,-3.186847,08:30:39
228,0.232818,0.017681,2.823484,2.951252,5.511412,1.009732,993.501221,still,WALKING,ENTER,55.948895,-3.186873,08:30:49
229,0.301303,0.007259,2.805342,2.954791,5.527842,1.007843,993.481201,still,WALKING,ENTER,55.948847,-3.186949,08:30:59
230,0.583217,0.697702,2.772550,2.961393,5.560935,1.007761,993.513611,still,WALKING,ENTER,55.948802,-3.187016,08:31:19
231,0.910406,0.029776,2.756361,2.962278,5.574636,1.014233,993.521973,still,WALKING,ENTER,55.948802,-3.187011,08:31:29
232,1.295513,0.203567,2.778426,2.921633,5.541849,1.029262,993.626160,still,WALKING,ENTER,55.948842,-3.187029,08:31:39
233,0.265989,0.053598,2.779538,2.900860,5.537327,1.051451,993.513672,still,WALKING,ENTER,55.948836,-3.187005,08:31:49
234,0.209357,0.015061,2.802721,2.862347,5.502924,1.000788,993.503296,still,WALKING,ENTER,55.948839,-3.186992,08:31:59
235,0.246565,0.083582,2.815140,2.831742,5.481370,1.027965,993.466003,still,WALKING,ENTER,55.948840,-3.186989,08:32:09
236,0.241555,0.207969,2.798468,2.834233,5.497921,1.006352,993.482666,still,WALKING,ENTER,55.948840,-3.186950,08:32:19
237,0.132071,0.120302,2.782439,2.837724,5.514146,1.007434,993.471436,still,WALKING,ENTER,55.948846,-3.186953,08:32:29
238,0.337838,0.076986,2.803573,2.804104,5.490191,1.017253,993.578735,still,WALKING,ENTER,55.948846,-3.186938,08:32:39
239,0.289993,0.192121,2.824418,2.768553,5.464483,1.041903,993.545410,still,WALKING,ENTER,55.948871,-3.186937,08:32:49
240,0.776100,0.327958,2.814629,2.760653,5.473122,1.022749,993.486572,still,WALKING,ENTER,55.948899,-3.186915,08:32:59
241,0.309202,0.019723,2.820793,2.738249,5.466084,1.008827,993.506409,still,WALKING,ENTER,55.948919,-3.186910,08:33:09
242,0.242214,0.096567,2.843526,2.701807,5.439575,1.012979,993.593506,still,WALKING,ENTER,55.948939,-3.186913,08:33:19
243,0.324130,0.074170,2.840666,2.694514,5.451378,1.051846,993.466492,still,WALKING,ENTER,55.948940,-3.186910,08:33:29
244,1.286789,0.590198,2.864730,2.666802,5.416681,1.031734,993.268616,still,WALKING,ENTER,55.948948,-3.186902,08:33:39
245,1.863438,0.638172,2.878444,2.659103,5.397099,1.176222,993.285706,still,WALKING,ENTER,55.948983,-3.186885,08:33:49
246,0.454741,0.086127,2.862986,2.667181,5.410790,1.012608,993.258545,bus,STILL,ENTER,55.948925,-3.186875,08:33:59
247,0.367570,0.149038,2.848795,2.677015,5.423878,1.009408,993.285950,bus,STILL,ENTER,55.948855,-3.186795,08:34:09
248,3.765800,2.297406,2.833074,2.684844,5.437130,1.009241,993.294739,bus,STILL,ENTER,55.948371,-3.186736,08:34:19
249,0.922582,0.036786,2.816646,2.693937,5.450121,1.006849,993.380859,bus,STILL,ENTER,55.948360,-3.186747,08:34:29
250,0.523216,0.522388,2.802237,2.705150,5.462177,1.007233,993.367981,bus,STILL,ENTER,55.948332,-3.186768,08:34:39
251,4.572552,3.006665,2.787222,2.713358,5.475673,1.007017,993.306946,bus,STILL,ENTER,55.948101,-3.186688,08:34:49
252,0.900913,1.028141,2.771805,2.721081,5.489291,1.006684,993.333252,bus,STILL,ENTER,55.948111,-3.186643,08:34:59
253,2.435488,3.167900,2.759033,2.733735,5.499860,1.016950,993.243958,bus,STILL,ENTER,55.948051,-3.186607,08:35:09
254,8.272545,10.842332,2.768006,2.735147,5.481388,1.064494,992.935852,bus,STILL,ENTER,55.947752,-3.187591,08:35:19
255,15.184802,1.671795,2.757782,2.740977,5.486191,1.013438,992.698181,bus,STILL,ENTER,55.947649,-3.188787,08:35:29
256,15.464858,3.244324,2.746624,2.745411,5.491673,1.014730,992.388367,bus,STILL,ENTER,55.947457,-3.189948,08:35:39
257,3.990354,5.007819,2.730862,2.754447,5.501046,1.008091,992.362976,bus,STILL,ENTER,55.947391,-3.190406,08:35:49
258,0.322878,0.050555,2.712293,2.764798,5.511774,1.007389,992.394226,bus,STILL,ENTER,55.947367,-3.190391,08:35:59
259,0.284748,0.131453,2.720683,2.775927,5.503665,1.009853,992.396973,bus,STILL,ENTER,55.947349,-3.190340,08:36:09
260,1.096674,1.487948,2.744655,2.783798,5.485189,1.001286,992.364929,bus,STILL,ENTER,55.947319,-3.190308,08:36:19
261,0.025599,0.013111,2.768967,2.790689,5.466522,1.001350,992.413879,bus,STILL,ENTER,55.947320,-3.190308,08:36:29
262,0.287449,0.384048,2.792805,2.798160,5.447910,1.003075,992.438354,bus,STILL,ENTER,55.947324,-3.190306,08:36:39
263,6.531747,4.323612,2.817297,2.803681,5.430054,1.006043,992.306580,bus,STILL,ENTER,55.947223,-3.190725,08:36:49
264,3.859166,4.128528,2.840922,2.810597,5.411911,1.005750,992.309387,bus,STILL,ENTER,55.947164,-3.190949,08:36:59
265,7.234632,1.056729,2.865571,2.814908,5.394914,1.006235,992.238037,bus,VEHICLE,ENTER,55.946889,-3.191158,08:37:09
266,7.431447,1.342627,2.888636,2.822376,5.376960,1.009382,992.132263,bus,VEHICLE,ENTER,55.946653,-3.190977,08:37:19
267,1.189812,0.001457,2.851291,2.834995,5.401319,1.007508,992.009766,bus,VEHICLE,ENTER,55.946184,-3.190293,08:37:39
268,4.413231,1.522065,2.832033,2.841828,5.413468,1.009025,992.062561,bus,VEHICLE,ENTER,55.946066,-3.190105,08:37:49
269,5.432229,2.964316,2.817240,2.850325,5.425532,1.016499,991.993530,bus,VEHICLE,ENTER,55.945895,-3.189764,08:37:59
270,12.250614,3.035739,2.809301,2.855827,5.432065,1.018857,991.805054,bus,VEHICLE,ENTER,55.945555,-3.190084,08:38:09
271,14.307735,0.535712,2.803650,2.860963,5.437414,1.016913,991.763977,bus,VEHICLE,ENTER,55.945400,-3.191052,08:38:19
272,13.824646,1.971110,2.796559,2.865069,5.443368,1.012405,991.770691,bus,VEHICLE,ENTER,55.945248,-3.192060,08:38:29
273,1.485670,0.691857,2.816832,2.864921,5.435888,1.008311,991.898987,bus,VEHICLE,ENTER,55.945226,-3.192254,08:38:39
274,0.210764,0.262517,2.840913,2.864174,5.426117,1.003833,991.884216,bus,VEHICLE,ENTER,55.945205,-3.192255,08:38:49
275,0.281199,0.049666,2.864865,2.863415,5.416229,1.003658,991.889771,bus,VEHICLE,ENTER,55.945198,-3.192271,08:38:59
276,0.016810,0.008302,2.888592,2.862785,5.406462,1.003723,991.864624,bus,VEHICLE,ENTER,55.945203,-3.192260,08:39:09
277,0.006741,0.006588,2.912215,2.862108,5.396568,1.003861,991.916321,bus,VEHICLE,ENTER,55.945203,-3.192259,08:39:19
278,0.441406,0.029014,2.935717,2.861295,5.386679,1.003617,991.931824,bus,VEHICLE,ENTER,55.945196,-3.192223,08:39:29
279,1.005763,0.820823,2.958458,2.862523,5.376666,1.006370,991.940308,bus,VEHICLE,ENTER,55.945196,-3.192237,08:39:39
280,13.972229,2.674141,2.977334,2.860328,5.370254,1.006682,991.835388,bus,VEHICLE,ENTER,55.945118,-3.192980,08:39:49
281,17.223846,0.409201,2.972607,2.861869,5.374907,1.012253,991.870056,bus,VEHICLE,ENTER,55.944975,-3.194277,08:39:59
282,3.963041,5.475798,2.961665,2.866598,5.382895,1.008850,991.987366,bus,VEHICLE,ENTER,55.944934,-3.194828,08:40:09
283,0.391702,0.047891,2.945485,2.874518,5.394317,1.006246,991.998596,bus,VEHICLE,ENTER,55.944945,-3.194826,08:40:19
284,8.185493,8.097482,2.930248,2.884224,5.404564,1.011562,992.031494,bus,VEHICLE,ENTER,55.944930,-3.195157,08:40:29
285,14.943139,0.885447,2.920486,2.888655,5.411038,1.008591,991.922729,bus,VEHICLE,ENTER,55.944913,-3.196221,08:40:39
286,15.794012,2.572201,2.918286,2.895607,5.408651,1.012850,991.933899,bus,VEHICLE,ENTER,55.944913,-3.197420,08:40:49
287,5.584904,6.732642,2.920700,2.901539,5.405982,1.006868,992.074707,bus,VEHICLE,ENTER,55.944982,-3.198078,08:40:59
288,0.686094,0.169415,2.904179,2.911989,5.415009,1.008527,992.114136,bus,VEHICLE,ENTER,55.944968,-3.198073,08:41:09
289,0.117963,0.031666,2.889061,2.920088,5.425885,1.005966,992.102417,bus,VEHICLE,ENTER,55.944966,-3.198078,08:41:19
290,0.602497,0.697381,2.875355,2.929280,5.436164,1.007780,992.109863,bus,VEHICLE,ENTER,55.944948,-3.198086,08:41:29
291,10.111319,1.635844,2.862811,2.933597,5.448999,1.008373,992.120911,bus,VEHICLE,ENTER,55.944960,-3.198705,08:41:39
292,4.267847,2.436107,2.854593,2.940561,5.459413,1.010376,992.240295,bus,VEHICLE,ENTER,55.944994,-3.198996,08:41:49
293,10.184616,1.246816,2.837718,2.942329,5.472080,1.008117,992.377869,bus,VEHICLE,ENTER,55.945255,-3.199447,08:41:59
294,13.919924,0.333732,2.827803,2.943191,5.479572,1.014349,992.626038,bus,VEHICLE,ENTER,55.945612,-3.200238,08:42:09
295,3.524776,2.643905,2.812250,2.946595,5.490868,1.009711,992.918152,bus,VEHICLE,ENTER,55.945796,-3.200532,08:42:19
296,7.895460,3.259575,2.794205,2.951712,5.501934,1.009975,993.035828,bus,VEHICLE,ENTER,55.945986,-3.200802,08:42:29
297,7.740725,0.567551,2.773030,2.959179,5.510706,1.013788,993.231262,bus,VEHICLE,ENTER,55.946066,-3.201342,08:42:39
298,6.128373,0.002167,2.754210,2.966425,5.520178,1.007844,993.183411,bus,VEHICLE,ENTER,55.945913,-3.201710,08:42:49
299,0.310299,0.162014,2.734828,2.974821,5.528617,1.006377,993.219849,bus,VEHICLE,ENTER,55.945973,-3.201602,08:42:59
300,0.123417,0.093653,2.715779,2.983129,5.537079,1.006138,993.216797,bus,VEHICLE,ENTER,55.945973,-3.201602,08:43:09
301,0.110144,0.128664,2.700902,2.993493,5.544404,1.005612,993.222778,bus,VEHICLE,ENTER,55.945967,-3.201610,08:43:19
302,1.323908,1.178256,2.690166,3.005345,5.551297,1.004421,993.206726,bus,VEHICLE,ENTER,55.945957,-3.201603,08:43:30
303,0.318783,0.062732,2.668906,3.009218,5.561027,1.008314,993.204895,bus,VEHICLE,ENTER,55.945889,-3.201733,08:43:39
304,0.617205,0.360644,2.646230,3.014433,5.569417,1.008133,993.184143,bus,VEHICLE,ENTER,55.945847,-3.201681,08:43:49
305,4.737974,5.467467,2.620684,3.018465,5.576574,1.013498,993.284058,bus,VEHICLE,ENTER,55.945789,-3.202142,08:43:59
306,14.908588,0.995006,2.607260,3.020614,5.581480,1.010351,993.259766,bus,VEHICLE,ENTER,55.945495,-3.203283,08:44:09
307,10.413673,2.193035,2.592903,3.022053,5.588308,1.009701,993.384033,bus,VEHICLE,ENTER,55.945254,-3.204059,08:44:19
308,1.713797,0.003241,2.580591,3.030802,5.596495,1.006648,993.452637,bus,VEHICLE,ENTER,55.945150,-3.204231,08:44:29
309,0.991310,0.980448,2.569412,3.040165,5.604756,1.005167,993.451233,bus,VEHICLE,ENTER,55.945148,-3.204220,08:44:39
310,0.192140,0.044387,2.557041,3.050331,5.612211,1.005934,993.506958,bus,VEHICLE,ENTER,55.945137,-3.204164,08:44:49
311,2.619682,2.178953,2.543726,3.058991,5.620466,1.006624,993.521729,bus,VEHICLE,ENTER,55.945074,-3.204264,08:44:59
312,0.798502,0.226629,2.534873,3.065678,5.629839,1.007336,993.515442,bus,VEHICLE,ENTER,55.945063,-3.204260,08:45:09
313,0.327817,0.205554,2.546479,3.069827,5.632923,1.008129,993.544922,bus,VEHICLE,ENTER,55.945068,-3.204244,08:45:19
314,0.071917,0.079225,2.559237,3.072405,5.636031,1.004752,993.535095,bus,VEHICLE,ENTER,55.945068,-3.204242,08:45:29
315,0.036890,0.031301,2.572398,3.074055,5.639135,1.004762,993.529236,bus,VEHICLE,ENTER,55.945069,-3.204241,08:45:39
316,0.327508,0.394585,2.585160,3.076303,5.642214,1.007017,993.519043,bus,VEHICLE,ENTER,55.945076,-3.204257,08:45:49
317,9.506474,3.670394,2.596759,3.079042,5.645986,1.008809,993.552124,bus,VEHICLE,ENTER,55.944917,-3.204732,08:45:59
318,15.165483,0.570430,2.603964,3.079724,5.647975,1.005831,993.513428,bus,VEHICLE,ENTER,55.944623,-3.205623,08:46:09
319,7.003440,8.414048,2.613103,3.077839,5.650918,1.010686,993.625183,bus,VEHICLE,ENTER,55.944341,-3.206288,08:46:19
320,0.713523,0.597483,2.602310,3.082493,5.658142,1.008035,993.718445,bus,VEHICLE,ENTER,55.944402,-3.206344,08:46:29
321,0.342427,0.185290,2.587211,3.087957,5.667276,1.005523,993.703735,bus,VEHICLE,ENTER,55.944427,-3.206381,08:46:39
322,0.294331,0.131789,2.573645,3.094358,5.676178,1.005719,993.698730,bus,VEHICLE,ENTER,55.944442,-3.206393,08:46:49
323,0.561689,0.257278,2.562302,3.098099,5.682951,1.010130,993.703674,bus,VEHICLE,ENTER,55.944441,-3.206385,08:46:59
324,0.285818,0.007425,2.585943,3.092488,5.663529,1.003164,993.685791,bus,VEHICLE,ENTER,55.944417,-3.206395,08:47:09
325,2.693222,3.241857,2.609214,3.088444,5.643837,1.006703,993.721558,bus,VEHICLE,ENTER,55.944384,-3.206423,08:47:19
326,16.065886,4.325736,2.628352,3.083957,5.627006,1.013503,993.646667,bus,VEHICLE,ENTER,55.944024,-3.207166,08:47:29
327,13.982130,3.581659,2.628429,3.083233,5.626739,1.018775,993.602173,bus,VEHICLE,ENTER,55.943559,-3.208010,08:47:39
328,0.949889,0.243106,2.618090,3.089683,5.634796,1.006495,993.660461,bus,VEHICLE,ENTER,55.943521,-3.208097,08:47:49
329,0.329434,0.327799,2.608268,3.096771,5.643527,1.005545,993.696777,bus,VEHICLE,ENTER,55.943517,-3.208090,08:47:59
330,0.347647,0.362237,2.599175,3.104700,5.651691,1.008153,993.703308,bus,VEHICLE,ENTER,55.943504,-3.208092,08:48:09
331,13.338001,4.859412,2.591670,3.111969,5.657598,1.014914,993.557678,bus,VEHICLE,ENTER,55.943312,-3.208723,08:48:19
332,15.490524,4.282783,2.586188,3.113856,5.662682,1.022878,993.770874,bus,VEHICLE,ENTER,55.943135,-3.209943,08:48:29
333,3.412336,2.574925,2.577618,3.122797,5.667592,1.010100,993.992737,bus,VEHICLE,ENTER,55.943122,-3.210277,08:48:39
334,13.879639,1.251568,2.565808,3.127060,5.674725,1.037930,993.957092,bus,VEHICLE,ENTER,55.942907,-3.211074,08:48:49
335,11.421000,2.514274,2.559993,3.128762,5.679731,1.034469,994.248291,bus,VEHICLE,ENTER,55.942689,-3.211986,08:48:59
336,1.151102,0.615935,2.550008,3.134903,5.687538,1.011705,994.429749,bus,VEHICLE,ENTER,55.942658,-3.212112,08:49:09
337,9.910232,0.563431,2.553255,3.135282,5.692931,1.018330,994.418030,bus,VEHICLE,ENTER,55.942547,-3.212603,08:49:19
338,14.873474,0.225191,2.560560,3.131702,5.695689,1.017360,994.356384,bus,VEHICLE,ENTER,55.942264,-3.213530,08:49:29
339,9.631744,3.969448,2.570146,3.125839,5.698309,1.006911,994.284790,bus,VEHICLE,ENTER,55.942005,-3.214289,08:49:39
340,0.201336,0.000266,2.584259,3.119069,5.701884,1.004576,994.285339,bus,VEHICLE,ENTER,55.941952,-3.214337,08:49:49
341,5.864790,8.183561,2.597614,3.113873,5.705931,1.011208,994.215881,bus,VEHICLE,ENTER,55.941855,-3.214538,08:49:59
342,15.065243,0.711746,2.605204,3.109600,5.708315,1.008844,994.143616,bus,VEHICLE,ENTER,55.941473,-3.215345,08:50:09
343,5.570874,7.814904,2.614535,3.103683,5.710950,1.007534,994.290955,bus,VEHICLE,ENTER,55.941220,-3.215847,08:50:19
344,0.187153,0.220813,2.628195,3.096630,5.714676,1.004773,994.285461,bus,VEHICLE,ENTER,55.941223,-3.215837,08:50:29
345,11.071005,9.586100,2.642044,3.092057,5.717769,1.012886,994.233215,bus,VEHICLE,ENTER,55.941080,-3.216221,08:50:39
346,19.953426,1.106649,2.650100,3.087949,5.719546,1.010903,994.011658,bus,VEHICLE,ENTER,55.940621,-3.217341,08:50:49
347,12.326828,4.080951,2.656487,3.084617,5.721621,1.010122,994.015015,bus,VEHICLE,ENTER,55.940319,-3.218225,08:50:59
348,7.997719,6.591185,2.669907,3.076796,5.724181,1.011071,994.023804,bus,VEHICLE,ENTER,55.940123,-3.218893,08:51:09
349,2.294854,1.406042,2.684794,3.070023,5.726267,1.007940,994.119324,bus,VEHICLE,ENTER,55.940097,-3.218934,08:51:19
350,0.296377,0.276303,2.673796,3.076421,5.732951,1.005713,994.137512,bus,VEHICLE,ENTER,55.940106,-3.218911,08:51:29
351,1.651505,1.772533,2.661455,3.084996,5.739187,1.024220,994.008667,bus,VEHICLE,ENTER,55.940081,-3.219013,08:51:39
352,17.064352,0.928194,2.662466,3.085459,5.741948,1.016107,993.836853,bus,VEHICLE,ENTER,55.939830,-3.220387,08:51:49
353,20.248032,0.266026,2.669065,3.082696,5.743599,1.011723,994.017517,bus,VEHICLE,ENTER,55.939809,-3.221759,08:51:59
354,13.792586,7.416069,2.676241,3.079196,5.744723,1.014143,994.395325,bus,VEHICLE,ENTER,55.939497,-3.222805,08:52:09
355,13.398651,0.032457,2.688118,3.075112,5.744662,1.027514,994.717407,bus,VEHICLE,ENTER,55.939126,-3.223335,08:52:19
356,16.429981,2.135374,2.696396,3.072971,5.743995,1.018377,994.940369,bus,VEHICLE,ENTER,55.938621,-3.224039,08:52:30
357,18.902084,0.252868,2.705055,3.070988,5.742609,1.013067,994.956177,bus,VEHICLE,ENTER,55.938029,-3.224914,08:52:39
358,15.313082,3.683953,2.713773,3.068022,5.741448,1.015318,995.003418,bus,VEHICLE,ENTER,55.937574,-3.225842,08:52:49
359,0.797038,0.367176,2.729390,3.063787,5.739810,1.005256,995.135071,bus,VEHICLE,ENTER,55.937471,-3.226067,08:52:59
360,0.013110,0.005512,2.746081,3.059547,5.737958,1.004705,995.144287,bus,VEHICLE,ENTER,55.937471,-3.226067,08:53:09
361,1.103879,1.536631,2.762363,3.056579,5.736184,1.007740,995.175781,bus,VEHICLE,ENTER,55.937464,-3.226069,08:53:19
1,0.909594,1.286360,-1.500234,4.513642,8.640821,1.005686,994.993591,bus,VEHICLE,ENTER,55.934955,-3.231613,08:54:26
2,0.571679,0.455775,-1.518085,4.833525,8.470013,1.010333,994.970398,bus,VEHICLE,ENTER,55.934960,-3.231594,08:54:36
3,12.652418,5.917529,-1.513414,4.842698,8.442163,1.008569,994.675049,bus,VEHICLE,ENTER,55.934498,-3.232620,08:54:46
4,5.767597,5.319075,-1.484670,4.745032,8.508085,1.012134,994.972473,bus,VEHICLE,ENTER,55.934259,-3.233136,08:54:56
5,9.289052,7.557754,-1.414880,4.906824,8.421366,1.019831,995.127136,bus,VEHICLE,ENTER,55.934090,-3.233505,08:55:06
6,13.803328,4.458665,-1.373083,4.902651,8.423415,1.030417,995.056885,bus,VEHICLE,ENTER,55.933699,-3.234363,08:55:16
7,0.090142,0.062308,-1.283930,4.853600,8.464500,1.007487,995.216492,bus,VEHICLE,ENTER,55.933659,-3.234483,08:55:26
8,2.358242,2.989180,-1.203807,4.909855,8.446517,1.013029,995.166809,bus,VEHICLE,ENTER,55.933647,-3.234518,08:55:36
9,13.840889,3.675184,-1.310756,4.868780,8.425651,1.017769,995.077393,bus,VEHICLE,ENTER,55.933356,-3.235221,08:55:46
10,6.591410,6.347032,-1.353750,4.812146,8.451001,1.009145,995.196716,bus,VEHICLE,ENTER,55.933045,-3.235698,08:55:56
11,1.226785,1.220321,-1.386118,4.732813,8.490420,1.005766,995.325623,bus,VEHICLE,ENTER,55.933025,-3.235703,08:56:06
12,0.885009,0.026338,-1.317145,4.762297,8.483555,1.008969,995.320679,bus,VEHICLE,ENTER,55.933028,-3.235764,08:56:16
13,0.298078,0.378295,-1.300758,4.684475,8.533469,1.009286,995.347961,bus,VEHICLE,ENTER,55.933002,-3.235718,08:56:36
14,14.504304,5.993049,-1.299967,4.702098,8.526623,1.016803,995.268372,bus,VEHICLE,ENTER,55.932683,-3.236164,08:56:46
15,18.813211,4.108395,-1.316866,4.681448,8.535257,1.016669,995.372437,bus,VEHICLE,ENTER,55.931988,-3.237025,08:56:56
16,11.464744,0.237629,-1.318602,4.683267,8.532552,1.014850,995.556641,bus,VEHICLE,ENTER,55.931605,-3.237506,08:57:06
17,13.689585,0.599868,-1.272635,4.678794,8.539261,1.009492,995.526855,bus,VEHICLE,ENTER,55.931201,-3.238026,08:57:16
18,15.752568,1.019318,-1.242272,4.675550,8.545988,1.011582,995.411865,bus,VEHICLE,ENTER,55.930707,-3.238662,08:57:26
19,17.187855,0.992555,-1.224316,4.667787,8.552729,1.009833,995.299438,bus,VEHICLE,ENTER,55.930166,-3.239386,08:57:36
20,15.979669,5.645594,-1.194036,4.623989,8.576948,1.011945,995.204163,bus,VEHICLE,ENTER,55.929515,-3.240058,08:57:46
21,0.771304,0.098587,-1.156245,4.619303,8.584852,1.007378,995.309204,bus,VEHICLE,ENTER,55.929441,-3.240139,08:57:56
22,8.753488,4.337579,-1.077836,4.624195,8.587378,1.014368,995.246582,bus,VEHICLE,ENTER,55.929248,-3.240324,08:58:06
23,21.653061,1.126691,-1.050577,4.627669,8.586950,1.005237,994.874268,bus,VEHICLE,ENTER,55.928618,-3.241031,08:58:16
24,22.089890,0.276796,-1.031783,4.630956,8.588202,1.016354,994.764404,bus,VEHICLE,ENTER,55.927887,-3.241923,08:58:26
25,20.915733,3.053087,-1.018425,4.617226,8.597175,1.013226,994.761475,bus,VEHICLE,ENTER,55.927212,-3.242944,08:58:36
26,6.650249,0.202221,-1.008981,4.621960,8.597609,1.009145,994.956787,bus,VEHICLE,ENTER,55.927031,-3.243359,08:58:46
27,4.545806,4.235376,-0.999937,4.623033,8.598328,1.011541,994.999390,bus,VEHICLE,ENTER,55.926968,-3.243528,08:58:56
28,2.289959,2.616256,-0.999334,4.611237,8.607913,1.009151,995.139160,bus,VEHICLE,ENTER,55.926795,-3.243962,08:59:06
29,0.386053,0.071425,-0.992450,4.615937,8.608739,1.006657,995.167664,bus,VEHICLE,ENTER,55.926791,-3.243972,08:59:16
30,4.606600,2.119657,-0.984337,4.592178,8.623135,1.008143,995.181702,bus,VEHICLE,ENTER,55.926684,-3.244216,08:59:26
31,2.526386,0.580611,-0.986272,4.588994,8.624964,1.008329,995.279846,bus,VEHICLE,ENTER,55.926672,-3.244243,08:59:36
32,11.930320,5.359345,-0.936296,4.589229,8.628054,1.018534,995.247131,bus,VEHICLE,ENTER,55.926741,-3.244649,08:59:47
33,6.841358,4.304678,-0.937410,4.582175,8.633041,1.008122,995.390564,bus,VEHICLE,ENTER,55.927079,-3.245080,08:59:57
34,0.200625,0.004286,-0.929027,4.585514,8.633739,1.006695,995.454468,bus,VEHICLE,ENTER,55.927114,-3.245137,09:00:07
35,0.075671,0.074067,-0.921813,4.592885,8.632129,1.006169,995.443420,bus,VEHICLE,ENTER,55.927119,-3.245139,09:00:17
36,1.228698,1.677562,-0.908805,4.611886,8.624327,1.009485,995.442566,bus,VEHICLE,ENTER,55.927127,-3.245140,09:00:27
37,19.169258,6.263452,-0.894900,4.627793,8.616454,1.009674,995.394226,bus,VEHICLE,ENTER,55.927524,-3.245810,09:00:37
38,12.907618,10.619975,-0.890032,4.614825,8.624810,1.015255,995.651428,bus,VEHICLE,ENTER,55.928081,-3.246709,09:00:47
39,4.041797,1.863245,-0.880273,4.622690,8.621917,1.008191,995.806458,bus,VEHICLE,ENTER,55.928084,-3.246723,09:00:57
40,15.149218,6.730607,-0.879390,4.641422,8.611481,1.015632,995.744507,bus,VEHICLE,ENTER,55.928407,-3.247198,09:01:07
41,21.172485,6.730042,-0.880806,4.646467,8.608135,1.011544,995.503296,bus,VEHICLE,ENTER,55.928941,-3.248573,09:01:17
42,4.113345,4.816050,-0.882970,4.633952,8.615211,1.008438,995.828308,bus,VEHICLE,ENTER,55.929070,-3.248986,09:01:27
43,0.597092,0.021245,-0.883889,4.629033,8.619116,1.005989,995.837341,bus,VEHICLE,ENTER,55.929059,-3.248967,09:01:37
44,4.732408,6.592060,-0.882097,4.646138,8.610612,1.007710,995.895447,bus,VEHICLE,ENTER,55.929104,-3.249103,09:01:47
45,18.487392,1.552084,-0.809954,4.625937,8.531484,1.016616,996.038025,bus,VEHICLE,ENTER,55.929459,-3.250143,09:01:57
46,19.744568,1.845934,-0.752247,4.603423,8.483850,1.017998,996.214294,bus,VEHICLE,ENTER,55.930010,-3.251286,09:02:07
47,5.728106,6.155250,-0.752609,4.610275,8.484055,1.008732,996.396973,bus,VEHICLE,ENTER,55.930293,-3.251680,09:02:17
48,2.209804,2.948436,-0.748488,4.616807,8.485802,1.007538,996.413513,bus,VEHICLE,ENTER,55.930323,-3.251713,09:02:27
49,2.966509,1.312293,-0.750390,4.618971,8.489001,1.007467,996.385376,bus,VEHICLE,ENTER,55.930360,-3.251709,09:02:37
50,0.427716,0.065303,-0.529630,4.524874,8.352270,1.010139,996.421082,bus,VEHICLE,ENTER,55.930360,-3.251715,09:02:47
51,0.201314,0.030199,-0.406011,4.464791,8.341275,1.008372,996.453308,bus,VEHICLE,ENTER,55.930358,-3.251722,09:02:57
52,0.059747,0.058913,-0.262316,4.387218,8.332043,1.005279,996.452393,bus,VEHICLE,ENTER,55.930357,-3.251723,09:03:07
53,0.007603,0.002388,-0.124577,4.313476,8.322845,1.005324,996.486877,bus,VEHICLE,ENTER,55.930358,-3.251723,09:03:17
54,0.037871,0.002964,0.007380,4.242659,8.313830,1.005327,996.467102,bus,VEHICLE,ENTER,55.930356,-3.251725,09:03:27
55,0.022049,0.007138,0.103080,4.195628,8.306277,1.005561,996.489868,bus,VEHICLE,ENTER,55.930356,-3.251725,09:03:37
56,0.260526,0.084448,0.049670,4.188964,8.311392,1.007054,996.488159,bus,VEHICLE,ENTER,55.930353,-3.251709,09:03:47
57,1.249685,0.864057,0.018712,4.209026,8.310629,1.005922,996.484314,bus,VEHICLE,ENTER,55.930350,-3.251775,09:03:57
58,2.515840,1.880537,0.079799,4.169483,8.249318,1.008816,996.493408,bus,VEHICLE,ENTER,55.930413,-3.251805,09:04:07
59,6.275882,7.420010,0.268463,4.029679,8.092435,1.010449,996.525696,bus,VEHICLE,ENTER,55.930550,-3.251948,09:04:17
60,11.496727,2.877837,0.366500,3.942416,8.010945,1.007406,996.496033,bus,VEHICLE,ENTER,55.931016,-3.252434,09:04:27
61,12.035549,6.192299,0.497777,3.840584,7.908637,1.015870,996.461426,bus,VEHICLE,ENTER,55.930974,-3.253122,09:04:37
62,19.916916,2.723660,0.581709,3.770274,7.842504,1.011323,996.164673,bus,VEHICLE,ENTER,55.930619,-3.254372,09:04:47
63,23.689976,0.376454,0.662755,3.696551,7.776310,1.020075,996.095215,bus,VEHICLE,ENTER,55.930175,-3.255901,09:04:57
64,17.777214,5.547155,0.704767,3.651246,7.753218,1.017470,996.232361,bus,VEHICLE,ENTER,55.929798,-3.257207,09:05:07
65,0.939968,0.158346,0.813423,3.586861,7.740903,1.004364,996.383545,bus,VEHICLE,ENTER,55.929771,-3.257387,09:05:17
66,0.272803,0.113330,0.925495,3.523031,7.727798,1.004203,996.329224,bus,VEHICLE,ENTER,55.929773,-3.257379,09:05:27
67,0.022634,0.009726,1.033683,3.460953,7.714931,1.004183,996.349792,bus,VEHICLE,ENTER,55.929774,-3.257379,09:05:37
68,0.022174,0.005760,1.138184,3.401122,7.702345,1.004109,996.381165,bus,VEHICLE,ENTER,55.929774,-3.257380,09:05:47
69,3.871466,5.465745,1.148294,3.410377,7.705915,1.013750,996.403381,bus,VEHICLE,ENTER,55.929767,-3.257450,09:05:57
70,21.215540,3.653421,1.133038,3.423155,7.714507,1.007446,996.079041,bus,VEHICLE,ENTER,55.929674,-3.258728,09:06:07
71,18.254948,5.566164,1.113285,3.430553,7.723755,1.013862,996.142273,bus,VEHICLE,ENTER,55.929627,-3.260256,09:06:17
72,0.557822,0.354887,1.080626,3.455599,7.734615,1.010326,996.296021,bus,VEHICLE,ENTER,55.929631,-3.260524,09:06:27
73,13.296084,8.556353,1.061347,3.482058,7.739371,1.021713,996.176880,bus,VEHICLE,ENTER,55.929601,-3.261093,09:06:37
74,28.753111,2.485178,1.075608,3.490256,7.743473,1.024760,995.790833,bus,VEHICLE,ENTER,55.929437,-3.262879,09:06:47
75,29.997503,0.885710,1.114004,3.488012,7.739532,1.023868,995.233887,bus,VEHICLE,ENTER,55.928683,-3.264661,09:06:57
76,35.745575,1.834584,1.150749,3.484204,7.736896,1.027888,994.453918,bus,VEHICLE,ENTER,55.927799,-3.266515,09:07:07
77,34.236233,2.262270,1.200691,3.474506,7.720783,1.058670,994.335571,bus,VEHICLE,ENTER,55.926778,-3.268309,09:07:17
78,19.193953,4.717282,1.254015,3.467275,7.700761,1.045760,994.706238,bus,VEHICLE,ENTER,55.926397,-3.269790,09:07:27
79,21.860954,1.871640,1.300993,3.455065,7.690812,1.024042,994.597900,bus,VEHICLE,ENTER,55.926167,-3.271111,09:07:37
80,3.614708,5.048500,1.320150,3.432442,7.703054,1.012850,994.703430,bus,VEHICLE,ENTER,55.925998,-3.271613,09:07:47
81,12.245319,9.537313,1.336515,3.414328,7.723230,1.016798,994.604065,bus,VEHICLE,ENTER,55.925917,-3.272049,09:07:57
82,27.289600,2.151916,1.347270,3.397917,7.735713,1.014373,994.258301,bus,VEHICLE,ENTER,55.925536,-3.273661,09:08:07
83,27.861298,2.008433,1.324132,3.401626,7.741949,1.039873,994.191772,bus,VEHICLE,ENTER,55.925067,-3.275484,09:08:17
84,8.559650,10.771548,1.287291,3.414529,7.748469,1.015950,994.640442,bus,VEHICLE,ENTER,55.924794,-3.276500,09:08:27
85,2.873775,3.773637,1.247225,3.450914,7.749591,1.013476,994.740540,bus,VEHICLE,ENTER,55.924803,-3.276525,09:08:37
86,22.109877,4.351532,1.220000,3.466605,7.751341,1.036086,994.397339,bus,VEHICLE,ENTER,55.924567,-3.277582,09:08:47
87,25.165604,1.486281,1.195661,3.475730,7.755786,1.034074,994.154541,bus,VEHICLE,ENTER,55.924186,-3.279337,09:08:57
88,11.040839,10.265620,1.169358,3.490004,7.761977,1.022045,994.268372,bus,VEHICLE,ENTER,55.923971,-3.280381,09:09:07
89,17.679953,2.896982,1.197862,3.485577,7.766237,1.028799,994.115845,bus,VEHICLE,ENTER,55.923641,-3.281082,09:09:17
90,25.495125,2.792865,1.196631,3.463782,7.780685,1.011723,993.758484,bus,VEHICLE,ENTER,55.923591,-3.282778,09:09:27
91,29.091127,0.585106,1.200446,3.447067,7.793755,1.008549,993.526489,bus,VEHICLE,ENTER,55.923262,-3.284743,09:09:37
92,22.348000,4.997839,1.205954,3.423914,7.806916,1.007591,993.606873,bus,VEHICLE,ENTER,55.923013,-3.286492,09:09:47
93,8.948834,1.360967,1.186426,3.419059,7.817031,1.009148,993.899048,bus,VEHICLE,ENTER,55.922903,-3.287311,09:09:57
94,0.247128,0.284980,1.143080,3.449960,7.816627,1.007198,994.019714,bus,VEHICLE,ENTER,55.922885,-3.287399,09:10:07
95,3.931421,2.062763,1.105312,3.466296,7.826207,1.008751,993.984070,bus,VEHICLE,ENTER,55.922853,-3.287562,09:10:17
96,1.781137,2.478311,1.071956,3.495178,7.828049,1.008717,993.961182,bus,VEHICLE,ENTER,55.922857,-3.287595,09:10:27
97,18.178757,5.116654,1.040979,3.518159,7.828402,1.014863,993.761414,bus,VEHICLE,ENTER,55.922772,-3.288586,09:10:37
98,21.085918,4.103882,1.033265,3.520237,7.832733,1.012998,993.746948,bus,VEHICLE,ENTER,55.922471,-3.290205,09:10:47
99,3.872533,4.430895,1.064895,3.512242,7.837344,1.006945,993.933899,bus,VEHICLE,ENTER,55.922365,-3.290717,09:10:57
100,1.816366,1.953175,1.109797,3.502595,7.843052,1.006914,993.955383,bus,VEHICLE,ENTER,55.922371,-3.290742,09:11:07
101,8.410109,9.584884,1.150998,3.493740,7.849593,1.014542,993.905334,bus,VEHICLE,ENTER,55.922215,-3.290975,09:11:17
102,10.800220,0.069362,1.180478,3.472382,7.858379,1.009406,993.816650,bus,VEHICLE,ENTER,55.921994,-3.291428,09:11:27
103,9.871266,9.816730,1.212648,3.457427,7.870106,1.015151,993.800964,bus,VEHICLE,ENTER,55.922069,-3.291771,09:11:37
104,9.111913,9.227228,1.187333,3.465613,7.873618,1.014332,993.704529,bus,VEHICLE,ENTER,55.921927,-3.292745,09:11:47
105,3.142859,0.866104,1.144905,3.487096,7.874517,1.013036,993.752747,bus,VEHICLE,ENTER,55.921911,-3.292796,09:11:57
106,21.290367,4.363159,1.112413,3.502376,7.876788,1.013706,993.503418,bus,VEHICLE,ENTER,55.921740,-3.293834,09:12:07
107,29.388027,0.442909,1.092929,3.504583,7.881130,1.014536,993.149902,bus,VEHICLE,ENTER,55.921383,-3.295767,09:12:17
108,27.249683,5.292739,1.068948,3.506514,7.885207,1.020303,992.984192,bus,VEHICLE,ENTER,55.920962,-3.297704,09:12:27
109,5.351397,0.048865,1.033222,3.508631,7.889933,1.012274,993.343811,bus,VEHICLE,ENTER,55.920858,-3.298263,09:12:37
110,7.516154,10.051106,0.983677,3.524857,7.890239,1.020152,993.289063,bus,VEHICLE,ENTER,55.920824,-3.298553,09:12:47
111,23.964586,4.225671,0.963310,3.533697,7.892169,1.020445,992.950256,bus,VEHICLE,ENTER,55.920738,-3.300099,09:12:57
112,26.306660,2.308810,0.943192,3.536408,7.896230,1.029087,992.945068,bus,VEHICLE,ENTER,55.920349,-3.301937,09:13:07
113,12.048414,1.307099,0.924409,3.537909,7.901303,1.016367,993.171509,bus,VEHICLE,ENTER,55.919948,-3.302785,09:13:17
114,20.376703,0.441721,0.906342,3.543686,7.904042,1.030987,993.044312,bus,VEHICLE,ENTER,55.919185,-3.303696,09:13:27
115,1.429379,0.005776,0.873241,3.551577,7.907573,1.015387,993.057129,bus,VEHICLE,ENTER,55.919042,-3.304058,09:13:37
116,0.070885,0.070994,0.882415,3.541225,7.879866,1.013004,993.128174,bus,VEHICLE,ENTER,55.919051,-3.304063,09:13:47
117,5.010641,6.889929,0.919291,3.516060,7.864116,1.019656,993.145386,bus,VEHICLE,ENTER,55.919039,-3.304216,09:13:57
118,23.092373,5.712870,0.949623,3.495218,7.868398,1.019524,992.871338,bus,VEHICLE,ENTER,55.918882,-3.305669,09:14:07
119,34.525314,1.629787,0.976280,3.476806,7.868780,1.012057,992.676392,bus,VEHICLE,ENTER,55.918276,-3.307729,09:14:17
120,36.227249,0.805198,0.999944,3.455448,7.870336,1.018095,992.682861,bus,VEHICLE,ENTER,55.918027,-3.310296,09:14:27
121,25.617691,8.507267,1.020898,3.431614,7.873594,1.014483,992.755798,bus,VEHICLE,ENTER,55.917918,-3.312381,09:14:37
122,7.907212,8.302710,1.043326,3.404444,7.877059,1.012537,993.001404,bus,VEHICLE,ENTER,55.917551,-3.312947,09:14:47
123,3.889062,4.843157,1.091904,3.369675,7.879328,1.009225,993.115540,bus,VEHICLE,ENTER,55.917532,-3.313019,09:14:57
124,13.354883,0.348103,1.065414,3.380109,7.878646,1.013965,992.946533,bus,VEHICLE,ENTER,55.917345,-3.313828,09:15:07
125,1.790444,1.519528,1.044834,3.394334,7.882309,1.006794,992.993530,bus,VEHICLE,ENTER,55.917214,-3.314089,09:15:17
126,0.391638,0.456998,1.027657,3.402014,7.889243,1.010307,993.034424,bus,VEHICLE,ENTER,55.917209,-3.314099,09:15:27
127,0.051297,0.023803,1.047911,3.385139,7.902818,1.005428,993.068909,bus,VEHICLE,ENTER,55.917204,-3.314096,09:15:37
128,0.027355,0.004043,1.068331,3.368805,7.915919,1.005521,993.081970,bus,VEHICLE,ENTER,55.917203,-3.314095,09:15:47
129,0.031575,0.005642,1.088989,3.353186,7.928482,1.005484,993.048035,bus,VEHICLE,ENTER,55.917201,-3.314095,09:15:57
130,0.040720,0.013498,1.109454,3.338152,7.940514,1.005269,993.016907,bus,VEHICLE,ENTER,55.917200,-3.314095,09:16:07
131,0.015144,0.000000,1.129999,3.323563,7.952222,1.005452,993.075073,bus,VEHICLE,ENTER,55.917200,-3.314096,09:16:17
132,0.023222,0.024213,1.150815,3.309426,7.963524,1.005156,993.057861,bus,VEHICLE,ENTER,55.917200,-3.314097,09:16:27
133,0.046253,0.009288,1.171519,3.295779,7.974320,1.005101,993.077942,bus,VEHICLE,ENTER,55.917200,-3.314094,09:16:37
134,0.723972,0.968549,1.176825,3.287389,7.984223,1.008555,993.106812,bus,VEHICLE,ENTER,55.917207,-3.314102,09:16:47
135,1.349360,0.432687,1.148355,3.296562,7.989935,1.008754,993.122498,bus,VEHICLE,ENTER,55.917161,-3.314052,09:16:57
136,0.565285,0.174483,1.122636,3.300563,7.999161,1.005255,993.046265,bus,VEHICLE,ENTER,55.917162,-3.314039,09:17:07
137,0.090430,0.104301,1.101230,3.302176,8.009798,1.005640,993.059509,bus,VEHICLE,ENTER,55.917162,-3.314045,09:17:17
138,0.042581,0.008533,1.080469,3.302443,8.020779,1.005806,993.053772,bus,VEHICLE,ENTER,55.917162,-3.314046,09:17:27
139,0.043110,0.016298,1.048777,3.307450,8.026264,1.006271,993.065002,bus,VEHICLE,ENTER,55.917162,-3.314047,09:17:37
140,0.029834,0.012132,1.033511,3.319102,8.032182,1.007357,993.091309,bus,VEHICLE,ENTER,55.917162,-3.314046,09:17:47
141,0.026117,0.004641,1.010876,3.335922,8.033859,1.005911,993.036804,bus,VEHICLE,ENTER,55.917162,-3.314045,09:17:57
142,0.033883,0.009782,0.988043,3.353705,8.034497,1.005616,993.069580,bus,VEHICLE,ENTER,55.917163,-3.314044,09:18:07
143,0.022355,0.002285,0.972946,3.373777,8.034583,1.005836,993.076782,bus,VEHICLE,ENTER,55.917164,-3.314043,09:18:17
144,10.822877,7.526479,0.951329,3.391698,8.035082,1.013119,993.046570,bus,VEHICLE,ENTER,55.917001,-3.314461,09:18:27
145,7.179319,4.612542,0.936000,3.398280,8.038920,1.011383,992.925720,bus,VEHICLE,ENTER,55.916710,-3.314986,09:18:37
146,18.824911,4.424687,0.969021,3.402092,8.023030,1.024554,992.855164,bus,VEHICLE,ENTER,55.916465,-3.315983,09:18:47
147,22.979683,0.559006,0.997485,3.394866,8.014064,1.021046,992.786194,bus,VEHICLE,ENTER,55.916492,-3.317558,09:18:57
148,22.332470,1.230501,1.022766,3.387294,8.008656,1.025057,992.743591,bus,VEHICLE,ENTER,55.916294,-3.319088,09:19:07
149,21.899857,0.125956,1.050797,3.379560,8.000127,1.021041,992.651184,bus,VEHICLE,ENTER,55.915966,-3.320597,09:19:17
150,25.265778,1.534014,1.075704,3.370321,7.995211,1.023168,992.890320,bus,VEHICLE,ENTER,55.915471,-3.322133,09:19:27
151,27.014191,0.653090,1.094746,3.361960,7.990625,1.020384,993.048340,bus,VEHICLE,ENTER,55.914821,-3.323593,09:19:37
152,26.144924,0.017760,1.114662,3.333762,7.946460,1.108130,992.935669,bus,VEHICLE,ENTER,55.914495,-3.325390,09:19:47
153,28.061480,1.198354,1.144843,3.303824,7.901808,1.006695,992.779236,bus,VEHICLE,ENTER,55.914019,-3.327165,09:19:57
154,19.708185,4.677119,1.172758,3.268805,7.859880,1.014543,992.790283,bus,VEHICLE,ENTER,55.913667,-3.328597,09:20:07
155,11.353924,5.367782,1.202803,3.240416,7.820324,1.017742,992.905151,bus,VEHICLE,ENTER,55.913447,-3.329034,09:20:17
156,23.101421,2.783727,1.223357,3.197273,7.793729,1.035483,992.721436,bus,VEHICLE,ENTER,55.912700,-3.328169,09:20:27
157,26.947876,3.068049,1.245349,3.167456,7.745924,1.060939,992.809631,bus,VEHICLE,ENTER,55.911795,-3.326906,09:20:37
158,14.377184,2.672639,1.274764,3.149655,7.696324,1.050176,993.055176,bus,VEHICLE,ENTER,55.911594,-3.326077,09:20:47
159,15.450842,2.380758,1.275940,3.142227,7.695416,1.065958,993.164429,bus,VEHICLE,ENTER,55.912016,-3.325161,09:20:57
160,6.628008,8.523602,1.291024,3.122751,7.683366,1.021212,993.272278,bus,VEHICLE,ENTER,55.912285,-3.324590,09:21:07
161,2.341325,0.292537,1.282868,3.121858,7.693606,1.024225,993.240295,walking,WALKING,ENTER,55.912337,-3.324530,09:21:17
162,2.958915,0.114424,1.298109,3.073138,7.663997,1.125865,993.327209,walking,WALKING,ENTER,55.912354,-3.324339,09:21:27
